     
 new iteration
 geom:    9.0020000000000007        3.1000000000000001        1.7513000000000001       0.38300000000000001        17.750000000000000        5.8499999046325684        3.5000000000000000        9.0719999999999992        3.1000000000000001        1.7513000000000001       0.38300000000000001        19.600000381469727        5.6669998168945312        0.0000000000000000        0.0000000000000000        0.0000000000000000        0.0000000000000000        0.0000000000000000        0.0000000000000000        0.0000000000000000        0.0000000000000000        0.0000000000000000        0.0000000000000000        1.6499999999999999       0.33300000000000002     
 comp :   5.0000000000000000        5.0000000000000000        5.0000000000000000        5.0000000000000000        1.0000000000000000        1.1000000238418579        1.2000000000000000        0.0000000000000000       0.50000000000000000        2.3615194493505959E-310   6.9533058873876037E-310   6.9533058873848369E-310   0.0000000000000000        0.0000000000000000        0.0000000000000000        100.00000000000000       0.75000000000000000        9.4000000000000004        19.000000000000000     
 ped :   3.4017486897964842E-317   5.5000000000000000        6.9533058873970897E-310  0.30000001192092896       0.95999997854232788       0.95999997854232788     
 inp0 :   0.0000000000000000        0.0000000000000000        2.5999999046325684       0.30000001192092896       0.90499997138977051        1.1000000238418579        200.00000000000000       -1000000.0000000000       0.50000000000000000        50.000000000000000        9.9999997473787516E-005   0.0000000000000000        0.0000000000000000        9.9999997473787516E-005   0.0000000000000000        0.0000000000000000        0.0000000000000000        0.0000000000000000       0.50000000000000000        50.000000000000000        0.0000000000000000        0.0000000000000000        0.0000000000000000        0.0000000000000000        0.0000000000000000        0.0000000000000000        0.0000000000000000        0.0000000000000000       0.20000000298023224        2.9999999329447746E-002  0.20000000298023224        2.9999999329447746E-002  0.20000000298023224        2.9999999329447746E-002  0.20000000298023224        2.9999999329447746E-002   1000.0000000000000     
 num :   1.0000000000000001E-005   1.0000000000000000E-002   1.0000000000000001E-009   1.0000000474974513E-003  0.10000000000000001       0.10000000000000001        100.00000000000000        2.0000000000000000        9.9999997473787516E-005  0.10000000000000001        100.00000000000000        100.00000000000000        100.00000000000000       0.10000000000000001        10.100000000000000        9.9999997473787516E-006   1.0000000000000000E-002  0.10000000000000001        1.1000000000000001        0.0000000000000000        100000.00000000000        2147483647.0000000        1.0000000000000000        2.0000000000000000               51          11           3           1   2.0000000000000000     
